inclusion nb ; x ; y ; z
1 ; 0.0331866 ; 0.0268341 ; 0.0754619
2 ; 0.0153309 ; 0.0558225 ; 0.101947
2 ; 0.115331 ; 0.0558225 ; 0.00194664
2 ; 0.0153309 ; 0.0558225 ; 0.00194664
3 ; 0.021991 ; 0.0777829 ; 0.0536822
3 ; 0.121991 ; 0.0777829 ; 0.0536822
4 ; 0.0551621 ; 0.0755701 ; 0.112094
4 ; 0.0551621 ; 0.0755701 ; 0.0120943
5 ; 0.0435807 ; 0.0588035 ; 0.0396048
6 ; 0.115869 ; 0.00471522 ; 0.0917584
6 ; 0.0158692 ; 0.00471522 ; 0.0917584
7 ; 0.104753 ; 0.109191 ; 0.099372
7 ; 0.00475304 ; 0.109191 ; 0.099372
7 ; 0.104753 ; 0.009191 ; 0.099372
7 ; 0.104753 ; 0.109191 ; -0.000627963
7 ; 0.00475304 ; 0.009191 ; 0.099372
7 ; 0.00475304 ; 0.109191 ; -0.000627963
7 ; 0.104753 ; 0.009191 ; -0.000627963
7 ; 0.00475304 ; 0.009191 ; -0.000627963
8 ; -0.0161135 ; 0.106721 ; 0.0755792
8 ; -0.0161135 ; 0.00672138 ; 0.0755792
8 ; 0.0838865 ; 0.00672138 ; 0.0755792
9 ; 0.0639598 ; 0.0381661 ; 0.0757481
10 ; 0.0924972 ; 0.100194 ; 0.0368808
10 ; -0.00750283 ; 0.100194 ; 0.0368808
10 ; 0.0924972 ; 0.000193851 ; 0.0368808
10 ; -0.00750283 ; 0.000193851 ; 0.0368808
11 ; 0.0740954 ; 0.0872248 ; 0.0197743
11 ; 0.0740954 ; 0.0872248 ; 0.119774
12 ; 0.0419202 ; 0.0933919 ; 0.00831868
13 ; -0.0139954 ; 0.042184 ; 0.0453858
13 ; 0.0860046 ; 0.042184 ; 0.0453858
14 ; 0.0875435 ; 0.0768253 ; 0.112529
14 ; -0.0124565 ; 0.0768253 ; 0.0125292
14 ; 0.0875435 ; 0.0768253 ; 0.0125292
15 ; 0.111567 ; 0.014832 ; 0.0198395
15 ; 0.0115673 ; 0.014832 ; 0.0198395
16 ; 0.0626584 ; -0.0169956 ; 0.0598868
16 ; 0.0626584 ; 0.0830044 ; 0.0598868
17 ; 0.0489589 ; 0.0371269 ; 0.0560901
18 ; -0.00400508 ; 0.0522334 ; 0.0938605
18 ; 0.0959949 ; 0.0522334 ; 0.0938605
19 ; 0.0794702 ; 0.0629833 ; 0.107469
19 ; -0.0205298 ; 0.0629833 ; 0.00746882
19 ; 0.0794702 ; 0.0629833 ; 0.00746882
20 ; 0.10882 ; 0.0961087 ; 0.0316377
20 ; 0.00882038 ; 0.0961087 ; 0.0316377
21 ; 0.0557637 ; -0.000196871 ; 0.0728448
21 ; 0.0557637 ; 0.0998031 ; 0.0728448
22 ; 0.0785307 ; 0.0685508 ; 0.0721624
22 ; -0.0214693 ; 0.0685508 ; 0.0721624
23 ; 0.0319705 ; 0.010554 ; 0.089438
24 ; 0.0813564 ; 0.0285905 ; 0.0455961
24 ; -0.0186436 ; 0.0285905 ; 0.0455961
25 ; 0.0896889 ; 0.068504 ; 0.0451089
25 ; -0.0103111 ; 0.068504 ; 0.0451089
26 ; 0.0458713 ; -0.00442964 ; 0.0864147
26 ; 0.0458713 ; 0.0955704 ; 0.0864147
27 ; 0.00955442 ; 0.0883195 ; 0.0512371
27 ; 0.109554 ; 0.0883195 ; 0.0512371
28 ; 0.0201502 ; 0.101305 ; 0.0167478
28 ; 0.12015 ; 0.00130463 ; 0.0167478
28 ; 0.0201502 ; 0.00130463 ; 0.0167478
29 ; 0.0124615 ; -0.00887588 ; 0.0922938
29 ; 0.112461 ; 0.0911241 ; 0.0922938
29 ; 0.0124615 ; 0.0911241 ; 0.0922938
29 ; 0.0124615 ; -0.00887588 ; -0.00770623
29 ; 0.0124615 ; 0.0911241 ; -0.00770623
30 ; -0.00217943 ; 0.0865739 ; -0.000757221
30 ; 0.0978206 ; 0.0865739 ; -0.000757221
30 ; -0.00217943 ; 0.0865739 ; 0.0992428
30 ; 0.0978206 ; 0.0865739 ; 0.0992428
31 ; 0.115807 ; 0.0622038 ; 0.0306701
31 ; 0.0158068 ; 0.0622038 ; 0.0306701
32 ; 0.019802 ; 0.0490655 ; 0.00565372
32 ; 0.119802 ; 0.0490655 ; 0.00565372
33 ; -0.00309509 ; 0.0320212 ; 0.0513183
33 ; 0.0969049 ; 0.0320212 ; 0.0513183
34 ; 0.0896362 ; 0.0305126 ; 0.00691005
34 ; -0.0103638 ; 0.0305126 ; 0.00691005
34 ; 0.0896362 ; 0.0305126 ; 0.10691
35 ; 0.114652 ; 0.0709191 ; 0.0614876
35 ; 0.0146519 ; 0.0709191 ; 0.0614876
36 ; -0.000189083 ; 0.114796 ; 0.0780587
36 ; -0.000189083 ; 0.0147958 ; 0.0780587
36 ; 0.0998109 ; 0.0147958 ; 0.0780587
37 ; 0.107853 ; 0.0964236 ; 0.0551566
37 ; 0.00785348 ; 0.0964236 ; 0.0551566
37 ; 0.107853 ; -0.0035764 ; 0.0551566
38 ; 0.0394952 ; 0.056952 ; 0.0269433
39 ; 0.0565846 ; 0.00260153 ; 0.00368904
39 ; 0.0565846 ; 0.102602 ; 0.00368904
40 ; 0.0376074 ; 0.0692114 ; 0.0271535
41 ; -0.0243005 ; 0.0234022 ; 0.0146305
41 ; 0.0756995 ; 0.0234022 ; 0.0146305
42 ; 0.0451066 ; 0.0426311 ; 0.0289724
43 ; 0.0592188 ; 0.0395371 ; 0.00017462
43 ; 0.0592188 ; 0.0395371 ; 0.100175
44 ; 0.0381612 ; 0.0766701 ; 0.0777032
45 ; 0.01982 ; 0.103235 ; 0.0561079
45 ; 0.01982 ; 0.00323469 ; 0.0561079
45 ; 0.11982 ; 0.00323469 ; 0.0561079
46 ; 0.0704436 ; -0.0147686 ; 0.0909276
46 ; 0.0704436 ; 0.0852314 ; 0.0909276
47 ; 0.0470417 ; 0.0499376 ; 0.0249926
48 ; -0.0236631 ; 0.00622917 ; 0.0508196
48 ; 0.0763369 ; 0.00622917 ; 0.0508196
49 ; 0.093556 ; 0.0465711 ; 0.00762488
49 ; -0.00644397 ; 0.0465711 ; 0.00762488
50 ; -0.0179023 ; 0.0726956 ; 0.0835047
50 ; 0.0820977 ; 0.0726956 ; 0.0835047
51 ; 0.0888878 ; 0.0665361 ; 0.0359456
51 ; -0.0111122 ; 0.0665361 ; 0.0359456
52 ; 0.120435 ; 0.0847593 ; 0.0205818
52 ; 0.0204347 ; 0.0847593 ; 0.0205818
53 ; 0.0220633 ; 0.0135604 ; 0.00896924
53 ; 0.122063 ; 0.0135604 ; 0.00896924
54 ; 0.0758502 ; 0.0267946 ; 0.0918383
55 ; 0.0963616 ; -0.00468581 ; 0.0437226
55 ; 0.0963616 ; 0.0953142 ; 0.0437226
55 ; -0.00363841 ; 0.0953142 ; 0.0437226
56 ; 0.0583291 ; 0.0622366 ; 0.0154822
57 ; 0.106978 ; 0.0512774 ; 0.0448712
57 ; 0.00697797 ; 0.0512774 ; 0.0448712
58 ; 0.0331742 ; 0.0795201 ; 0.0437785
59 ; 0.122321 ; 0.042513 ; 0.0628029
59 ; 0.0223214 ; 0.042513 ; 0.0628029
60 ; 0.102168 ; 0.0146446 ; 0.0721586
60 ; 0.0021685 ; 0.0146446 ; 0.0721586
61 ; 0.0711358 ; 0.00918504 ; -0.00582895
61 ; 0.0711358 ; 0.00918504 ; 0.0941711
62 ; 0.0467676 ; 0.0273481 ; 0.034873
63 ; 0.001708 ; 0.00120802 ; 0.0625158
63 ; 0.101708 ; 0.00120802 ; 0.0625158
63 ; 0.001708 ; 0.101208 ; 0.0625158
63 ; 0.101708 ; 0.101208 ; 0.0625158
64 ; 0.106948 ; 0.0313152 ; 0.0229773
64 ; 0.0069484 ; 0.0313152 ; 0.0229773
65 ; 0.0489902 ; 0.0315624 ; 0.0850914
66 ; -0.0126511 ; 0.0200122 ; 0.00499475
66 ; 0.0873489 ; 0.0200122 ; 0.00499475
67 ; 0.0253509 ; 0.0588356 ; 0.0806843
68 ; 0.0807326 ; 0.0912345 ; 0.0287291
69 ; -0.0107587 ; 0.0080426 ; 0.0284681
69 ; 0.0892413 ; 0.0080426 ; 0.0284681
69 ; -0.0107587 ; 0.108043 ; 0.0284681
69 ; 0.0892413 ; 0.108043 ; 0.0284681
70 ; 0.0329898 ; 0.0508613 ; 0.0554576
71 ; 0.0191229 ; 0.0264542 ; 0.0562357
71 ; 0.119123 ; 0.0264542 ; 0.0562357
72 ; 0.0258846 ; 0.0495934 ; 0.0789631
73 ; 0.0759869 ; 0.0389959 ; 0.0497874
73 ; -0.0240131 ; 0.0389959 ; 0.0497874
74 ; 0.0512714 ; 0.0195421 ; 0.00358091
75 ; 0.08974 ; 0.0481851 ; 0.0568632
75 ; -0.01026 ; 0.0481851 ; 0.0568632
76 ; 0.0463245 ; 0.05428 ; 0.00853147
77 ; 0.0873714 ; 0.0377204 ; 0.104497
77 ; -0.0126286 ; 0.0377204 ; 0.104497
77 ; 0.0873714 ; 0.0377204 ; 0.00449741
77 ; -0.0126286 ; 0.0377204 ; 0.00449741
78 ; 0.0626794 ; -0.0021094 ; 0.0386833
78 ; 0.0626794 ; 0.0978906 ; 0.0386833
79 ; 0.0144388 ; 0.0160715 ; 0.034468
79 ; 0.114439 ; 0.0160715 ; 0.034468
80 ; -0.00999424 ; 0.0105303 ; 0.00885888
80 ; 0.0900058 ; 0.0105303 ; 0.00885888
81 ; 0.0274594 ; 0.0175703 ; 0.0483201
82 ; 0.0810548 ; 0.0259125 ; 0.056427
82 ; -0.0189452 ; 0.0259125 ; 0.056427
83 ; 0.01268 ; 0.0395708 ; 0.072221
83 ; 0.11268 ; 0.0395708 ; 0.072221
84 ; 0.0160605 ; 0.0734302 ; 0.102244
84 ; 0.0160605 ; 0.0734302 ; 0.00224447
84 ; 0.11606 ; 0.0734302 ; 0.00224447
85 ; 0.0414052 ; 0.0102608 ; 0.0522531
86 ; 0.0766276 ; 0.080207 ; 0.0664488
86 ; -0.0233724 ; 0.080207 ; 0.0664488
87 ; 0.0717965 ; 0.0879389 ; 0.0741394
88 ; 0.102996 ; 0.0432038 ; 0.0832015
88 ; 0.00299646 ; 0.0432038 ; 0.0832015
89 ; 0.00690355 ; 0.0393996 ; -0.00247243
89 ; 0.106904 ; 0.0393996 ; 0.0975276
89 ; 0.00690355 ; 0.0393996 ; 0.0975276
90 ; 0.0366626 ; 0.0305459 ; 0.107569
90 ; 0.0366626 ; 0.0305459 ; 0.00756924
91 ; 0.0765588 ; 0.0981683 ; 0.0634995
91 ; 0.0765588 ; -0.00183172 ; 0.0634995
92 ; 0.0248194 ; 0.0555152 ; 0.0700235
92 ; 0.124819 ; 0.0555152 ; 0.0700235
93 ; 0.0890057 ; 0.016521 ; 0.0508952
93 ; -0.0109943 ; 0.016521 ; 0.0508952
94 ; 0.0291137 ; 0.0709962 ; 0.0715366
95 ; 0.117477 ; -0.00417752 ; 0.0741442
95 ; 0.0174767 ; -0.00417752 ; 0.0741442
95 ; 0.117477 ; 0.0958225 ; 0.0741442
95 ; 0.0174767 ; 0.0958225 ; 0.0741442
96 ; -0.0240808 ; 0.0642271 ; 0.0879985
96 ; 0.0759192 ; 0.0642271 ; 0.0879985
97 ; 0.057847 ; 0.0104704 ; 0.0262923
98 ; 0.015743 ; 0.0863575 ; 0.0110202
98 ; 0.115743 ; 0.0863575 ; 0.0110202
99 ; 0.120492 ; 0.0889738 ; 0.03859
99 ; 0.020492 ; 0.0889738 ; 0.03859
100 ; 0.0528798 ; 0.0349919 ; 0.0110218
101 ; 0.0493447 ; 0.0692035 ; 0.0196106
102 ; 0.0106534 ; 0.0736282 ; 0.042991
102 ; 0.110653 ; 0.0736282 ; 0.042991
103 ; 0.0531588 ; 0.0153404 ; 0.0729782
104 ; 0.0565934 ; 0.0752433 ; 0.0826325
105 ; -0.0211992 ; 0.0562699 ; 0.0622107
105 ; 0.0788008 ; 0.0562699 ; 0.0622107
