inclusion nb ; volume ; surface
1 ; 9.49023e-07 ; 0.000785398
2 ; 8.72148e-08 ; 0.000272399
2 ; 1.73092e-07 ; 0.000171227
2 ; 6.88538e-07 ; 0.000630608
3 ; 9.06769e-07 ; 0.000758226
3 ; 4.21586e-08 ; 6.64693e-05
4 ; 7.90008e-08 ; 0.000108848
4 ; 8.70139e-07 ; 0.000741077
5 ; 9.49023e-07 ; 0.000785398
6 ; 1.55963e-07 ; 0.000157933
6 ; 7.92963e-07 ; 0.000667583
7 ; 1.59288e-09 ; 1.34978e-05
7 ; 3.45625e-10 ; 3.90362e-06
7 ; 5.15093e-09 ; 2.57058e-05
7 ; 2.44861e-07 ; 0.000228174
7 ; 5.21144e-07 ; 0.000494632
7 ; 1.16136e-08 ; 3.80414e-05
7 ; 3.62478e-08 ; 7.39627e-05
7 ; 1.28011e-07 ; 0.000204338
8 ; 5.48865e-10 ; 8.98008e-06
8 ; 1.4574e-07 ; 0.000150287
8 ; 8.02638e-07 ; 0.000675618
9 ; 9.49023e-07 ; 0.000785398
10 ; 1.48573e-07 ; 0.000256195
10 ; 2.99283e-07 ; 0.000281141
10 ; 4.75182e-07 ; 0.000473613
10 ; 2.59204e-08 ; 8.8778e-05
11 ; 9.45964e-07 ; 0.000784054
11 ; 3.07048e-09 ; 1.92182e-05
12 ; 9.49023e-07 ; 0.000785398
13 ; 1.89303e-07 ; 0.000184914
13 ; 7.59606e-07 ; 0.000641193
14 ; 1.22281e-07 ; 0.00013915
14 ; 1.01079e-07 ; 0.000123958
14 ; 7.25941e-07 ; 0.000638738
15 ; 2.41419e-07 ; 0.00022638
15 ; 7.07505e-07 ; 0.000599286
16 ; 9.66623e-08 ; 0.00011265
16 ; 8.51975e-07 ; 0.000716925
17 ; 9.49023e-07 ; 0.000785398
18 ; 3.90939e-07 ; 0.000346712
18 ; 5.57985e-07 ; 0.000480363
19 ; 1.3811e-07 ; 0.00016872
19 ; 1.71669e-08 ; 4.39875e-05
19 ; 7.94614e-07 ; 0.000698477
20 ; 2.9743e-07 ; 0.000271116
20 ; 6.51492e-07 ; 0.000554395
21 ; 4.26584e-07 ; 0.000614737
21 ; 5.22618e-07 ; 0.000656504
22 ; 9.20981e-07 ; 0.000769569
22 ; 2.79948e-08 ; 5.52178e-05
23 ; 9.49023e-07 ; 0.000785398
24 ; 8.57904e-07 ; 0.000720036
24 ; 9.10258e-08 ; 0.000106476
25 ; 7.25511e-07 ; 0.000617853
25 ; 2.23436e-07 ; 0.000216223
26 ; 1.6754e-08 ; 7.00087e-05
26 ; 9.3229e-07 ; 0.000780333
27 ; 6.78956e-07 ; 0.000577696
27 ; 2.69976e-07 ; 0.000250483
28 ; 2.17067e-07 ; 0.000396217
28 ; 7.76255e-08 ; 9.48826e-05
28 ; 6.54037e-07 ; 0.000662312
29 ; 3.74465e-08 ; 8.28572e-05
29 ; 7.36624e-08 ; 0.000103935
29 ; 6.6631e-07 ; 0.000588572
29 ; 1.53595e-07 ; 0.000161922
29 ; 1.8145e-08 ; 5.36141e-05
30 ; 2.72905e-08 ; 9.93134e-05
30 ; 3.1837e-07 ; 0.000372308
30 ; 4.03712e-07 ; 0.00036624
30 ; 1.99609e-07 ; 0.000313554
31 ; 1.60656e-07 ; 0.00016147
31 ; 7.88269e-07 ; 0.00066361
32 ; 8.80405e-07 ; 0.000737966
32 ; 6.85012e-08 ; 8.83892e-05
33 ; 4.13675e-07 ; 0.000363686
33 ; 5.35245e-07 ; 0.000460956
34 ; 5.7542e-07 ; 0.000530938
34 ; 2.52661e-07 ; 0.000236631
34 ; 1.20718e-07 ; 0.000160711
35 ; 1.83582e-07 ; 0.000179812
35 ; 7.65343e-07 ; 0.000645267
36 ; 3.3138e-08 ; 6.50331e-05
36 ; 4.36085e-07 ; 0.000400211
36 ; 4.79955e-07 ; 0.000425416
37 ; 3.09845e-07 ; 0.000284157
37 ; 6.33562e-07 ; 0.000540234
37 ; 5.50084e-09 ; 4.50674e-05
38 ; 9.49023e-07 ; 0.000785398
39 ; 9.46798e-07 ; 0.0007849
39 ; 2.22173e-09 ; 4.78884e-05
40 ; 9.49023e-07 ; 0.000785398
41 ; 1.52305e-11 ; 1.38142e-06
41 ; 9.49011e-07 ; 0.000785392
42 ; 9.49023e-07 ; 0.000785398
43 ; 5.15479e-07 ; 0.000645788
43 ; 4.33537e-07 ; 0.000607939
44 ; 9.49023e-07 ; 0.000785398
45 ; 8.42091e-08 ; 0.000180789
45 ; 7.85805e-07 ; 0.00070185
45 ; 7.89142e-08 ; 9.61763e-05
46 ; 1.291e-08 ; 3.99455e-05
46 ; 9.36122e-07 ; 0.000779469
47 ; 9.49023e-07 ; 0.000785398
48 ; 9.08517e-09 ; 3.24803e-05
48 ; 9.39936e-07 ; 0.00078109
49 ; 6.056e-07 ; 0.000517957
49 ; 3.43322e-07 ; 0.000308112
50 ; 1.05401e-07 ; 0.000118026
50 ; 8.43529e-07 ; 0.000708583
51 ; 6.93967e-07 ; 0.000588062
51 ; 2.54956e-07 ; 0.000236817
52 ; 3.48493e-08 ; 6.18445e-05
52 ; 9.14121e-07 ; 0.000765068
53 ; 9.11671e-07 ; 0.000762275
53 ; 3.72646e-08 ; 6.27116e-05
54 ; 9.49023e-07 ; 0.000785398
55 ; 6.07763e-08 ; 0.000131042
55 ; 4.86661e-07 ; 0.000449877
55 ; 4.01515e-07 ; 0.000354368
56 ; 9.49023e-07 ; 0.000785398
57 ; 3.08893e-07 ; 0.000283943
57 ; 6.39933e-07 ; 0.000548817
58 ; 9.49023e-07 ; 0.000785398
59 ; 2.95161e-08 ; 5.62989e-05
59 ; 9.19494e-07 ; 0.000768286
60 ; 4.30701e-07 ; 0.000377848
60 ; 5.18217e-07 ; 0.000447871
61 ; 1.50891e-07 ; 0.000189477
61 ; 7.98406e-07 ; 0.000706909
62 ; 9.49023e-07 ; 0.000785398
63 ; 1.57175e-07 ; 0.000237518
63 ; 4.34855e-07 ; 0.000381148
63 ; 3.51612e-07 ; 0.00037045
63 ; 5.38077e-09 ; 3.08103e-05
64 ; 3.35931e-07 ; 0.000301785
64 ; 6.1299e-07 ; 0.000523457
65 ; 9.49023e-07 ; 0.000785398
66 ; 2.25765e-07 ; 0.000213367
66 ; 7.23159e-07 ; 0.000611322
67 ; 9.49023e-07 ; 0.000785398
68 ; 9.49023e-07 ; 0.000785398
69 ; 1.16991e-07 ; 0.000160066
69 ; 7.18379e-07 ; 0.000610213
69 ; 1.13549e-07 ; 0.000148004
69 ; 3.75533e-11 ; 1.2774e-06
70 ; 9.49023e-07 ; 0.000785398
71 ; 8.87229e-07 ; 0.000744509
71 ; 6.17114e-08 ; 8.40406e-05
72 ; 9.49023e-07 ; 0.000785398
73 ; 9.44913e-07 ; 0.000783568
73 ; 4.10881e-09 ; 2.21494e-05
74 ; 9.49023e-07 ; 0.000785398
75 ; 6.78533e-07 ; 0.000575849
75 ; 2.7039e-07 ; 0.000249301
76 ; 9.49023e-07 ; 0.000785398
77 ; 5.30147e-08 ; 0.000104537
77 ; 1.76134e-07 ; 0.000175986
77 ; 7.04291e-07 ; 0.000608818
77 ; 1.55667e-08 ; 4.9933e-05
78 ; 4.09834e-07 ; 0.000371628
78 ; 5.39942e-07 ; 0.000475366
79 ; 7.60558e-07 ; 0.000641394
79 ; 1.88349e-07 ; 0.000183592
80 ; 2.69251e-07 ; 0.000249036
80 ; 6.79661e-07 ; 0.000577389
81 ; 9.49023e-07 ; 0.000785398
82 ; 8.50142e-07 ; 0.00071309
82 ; 9.87857e-08 ; 0.000111947
83 ; 7.29585e-07 ; 0.00061692
83 ; 2.19324e-07 ; 0.00020868
84 ; 2.83741e-07 ; 0.000325246
84 ; 5.32507e-07 ; 0.000533309
84 ; 1.33635e-07 ; 0.000141221
85 ; 9.49023e-07 ; 0.000785398
86 ; 9.4607e-07 ; 0.000784107
86 ; 2.95197e-09 ; 1.88524e-05
87 ; 9.49023e-07 ; 0.000785398
88 ; 4.10817e-07 ; 0.000363007
88 ; 5.38107e-07 ; 0.000464844
89 ; 1.54452e-07 ; 0.000259865
89 ; 3.37402e-07 ; 0.000302879
89 ; 4.57238e-07 ; 0.000468339
90 ; 6.56715e-08 ; 0.000113979
90 ; 8.83335e-07 ; 0.000757303
91 ; 8.52463e-07 ; 0.000760323
91 ; 9.64733e-08 ; 0.000302176
92 ; 9.48928e-07 ; 0.00078536
92 ; 9.52393e-11 ; 3.44729e-06
93 ; 7.07951e-07 ; 0.000600729
93 ; 2.40981e-07 ; 0.000227119
94 ; 9.49023e-07 ; 0.000785398
95 ; 4.49833e-08 ; 7.55245e-05
95 ; 3.89315e-08 ; 0.000103398
95 ; 4.32577e-08 ; 7.7359e-05
95 ; 8.21928e-07 ; 0.000703882
96 ; 3.95538e-09 ; 2.17432e-05
96 ; 9.45067e-07 ; 0.00078364
97 ; 9.49023e-07 ; 0.000785398
98 ; 7.84489e-07 ; 0.00066042
98 ; 1.64418e-07 ; 0.000164323
99 ; 7.04293e-08 ; 8.91478e-05
99 ; 8.78475e-07 ; 0.000735637
100 ; 9.49023e-07 ; 0.000785398
101 ; 9.49023e-07 ; 0.000785398
102 ; 6.88012e-07 ; 0.000583584
102 ; 2.60898e-07 ; 0.000241867
103 ; 9.49023e-07 ; 0.000785398
104 ; 9.49023e-07 ; 0.000785398
105 ; 5.77269e-08 ; 7.89262e-05
105 ; 8.91177e-07 ; 0.000745741
